1.102784881591796875e+02 4.927171630859375000e+02
1.181684494018554688e+02 5.937086181640625000e+02
1.402603302001953125e+02 7.041680908203125000e+02
1.733981628417968750e+02 7.830676879882812500e+02
1.907560729980468750e+02 7.972695922851562500e+02
2.081139831542968750e+02 8.177835083007812500e+02
2.144259490966796875e+02 8.461873168945312500e+02
2.365178375244140625e+02 8.840591430664062500e+02
3.138394470214843750e+02 9.014170532226562500e+02
4.053629760742187500e+02 8.856371459960937500e+02
4.495467529296875000e+02 8.493433227539062500e+02
4.921525268554687500e+02 7.956915893554687500e+02
5.521162109375000000e+02 7.499298095703125000e+02
6.120798950195312500e+02 6.678742675781250000e+02
6.357498168945312500e+02 6.094885253906250000e+02
6.499517211914062500e+02 5.305889282226562500e+02
6.846675415039062500e+02 4.153955383300781250e+02
1.371043548583984375e+02 4.138175659179687500e+02
1.544622650146484375e+02 3.727897644042968750e+02
1.828661193847656250e+02 3.396519470214843750e+02
2.207379150390625000e+02 3.349179687500000000e+02
2.522977600097656250e+02 3.349179687500000000e+02
3.580232238769531250e+02 3.144040527343750000e+02
3.958950195312500000e+02 3.128260803222656250e+02
4.353448181152343750e+02 3.112480773925781250e+02
4.684826354980468750e+02 3.222940368652343750e+02
5.079324340820312500e+02 3.428079223632812500e+02
3.106834716796875000e+02 3.680557861328125000e+02
2.964815368652343750e+02 3.948816528320312500e+02
2.759676513671875000e+02 4.169735412597656250e+02
2.586097412109375000e+02 4.437994079589843750e+02
2.207379150390625000e+02 5.384789428710937500e+02
2.522977600097656250e+02 5.321669311523437500e+02
2.980595092773437500e+02 5.242769775390625000e+02
3.375093078613281250e+02 5.132310180664062500e+02
4.053629760742187500e+02 5.021850891113281250e+02
1.655082092285156250e+02 4.232854919433593750e+02
1.923340606689453125e+02 3.964596557617187500e+02
2.270498809814453125e+02 3.806797180175781250e+02
2.649216918945312500e+02 3.964596557617187500e+02
2.270498809814453125e+02 4.122395629882812500e+02
1.970680389404296875e+02 4.185515441894531250e+02
3.722251281738281250e+02 3.806797180175781250e+02
4.085189514160156250e+02 3.601658325195312500e+02
4.400787963867187500e+02 3.617438354492187500e+02
4.842625732421875000e+02 3.806797180175781250e+02
4.385007934570312500e+02 3.869916992187500000e+02
4.022070007324218750e+02 3.869916992187500000e+02
1.907560729980468750e+02 6.741862182617187500e+02
2.238939056396484375e+02 6.426264038085937500e+02
2.633436889648437500e+02 5.921306152343750000e+02
3.122614440917968750e+02 6.015985717773437500e+02
3.564452209472656250e+02 5.779287109375000000e+02
4.195649108886718750e+02 6.110665283203125000e+02
4.763726196289062500e+02 6.394703979492187500e+02
4.290328369140625000e+02 6.536723022460937500e+02
3.722251281738281250e+02 6.726082153320312500e+02
3.122614440917968750e+02 7.025900878906250000e+02
2.743896484375000000e+02 6.868101806640625000e+02
2.333618621826171875e+02 6.773422241210937500e+02
2.349398498535156250e+02 6.678742675781250000e+02
2.775456237792968750e+02 6.568283081054687500e+02
3.154174499511718750e+02 6.662962646484375000e+02
3.422432861328125000e+02 6.489383544921875000e+02
4.274548645019531250e+02 6.489383544921875000e+02
3.453992919921875000e+02 6.536723022460937500e+02
3.154174499511718750e+02 6.631402587890625000e+02
2.791236267089843750e+02 6.599843139648437500e+02
1.623522186279296875e+02 2.134125823974609375e+02
3.027934875488281250e+02 1.897427062988281250e+02
5.079324340820312500e+02 1.944766845703125000e+02
3.137889289855957031e+01 4.674692687988281250e+02
1.086499786376953125e+01 5.542588500976562500e+02
1.165904541015625000e+02 7.530858154296875000e+02
7.635671386718750000e+02 5.148090209960937500e+02
7.635671386718750000e+02 5.148090209960937500e+02
7.556771850585937500e+02 6.252684936523437500e+02
1.307923889160156250e+02 4.785152282714843750e+02
6.152359008789062500e+02 4.879831848144531250e+02
1.323703765869140625e+02 3.617438354492187500e+02
5.947219848632812500e+02 3.475419006347656250e+02
