1.996242370605468750e+02 3.567345275878906250e+02
1.892193450927734375e+02 4.642517089843750000e+02
1.926876373291015625e+02 5.578957519531250000e+02
2.030925292968750000e+02 6.792860717773437500e+02
2.065608215332031250e+02 7.642593383789062500e+02
2.603194274902343750e+02 8.544350585937500000e+02
3.054072875976562500e+02 9.324717407226562500e+02
3.643683166503906250e+02 1.048659667968750000e+03
5.204416503906250000e+02 1.093747558593750000e+03
6.383637084960937500e+02 1.085076782226562500e+03
6.990588989257812500e+02 1.048659667968750000e+03
7.424125976562500000e+02 9.168643798828125000e+02
8.377907714843750000e+02 7.711959228515625000e+02
8.291200561523437500e+02 6.341982421875000000e+02
8.325883178710937500e+02 5.752371826171875000e+02
8.481956787109375000e+02 4.538468322753906250e+02
8.273858642578125000e+02 3.810126037597656250e+02
2.620535583496093750e+02 2.995076293945312500e+02
2.915340881347656250e+02 2.578880920410156250e+02
3.366219482421875000e+02 2.301417083740234375e+02
3.851781005859375000e+02 2.336100006103515625e+02
4.215952148437500000e+02 2.370783081054687500e+02
6.400979003906250000e+02 2.318758544921875000e+02
6.713125610351562500e+02 2.301417083740234375e+02
7.233369750976562500e+02 2.232051239013671875e+02
7.493492431640625000e+02 2.474832000732421875e+02
7.666906738281250000e+02 2.908368835449218750e+02
5.048343200683593750e+02 3.411271972656250000e+02
4.978977355957031250e+02 3.740760192871093750e+02
5.273782348632812500e+02 4.347712097167968750e+02
5.152391967773437500e+02 5.405542602539062500e+02
3.730390625000000000e+02 5.943128051757812500e+02
4.233293457031250000e+02 6.029835815429687500e+02
5.031001586914062500e+02 6.255275268554687500e+02
5.915417480468750000e+02 5.891104125976562500e+02
6.487686157226562500e+02 5.769713745117187500e+02
2.932682495117187500e+02 3.567345275878906250e+02
3.296853637695312500e+02 3.099125366210937500e+02
3.834439392089843750e+02 3.099125366210937500e+02
4.389366760253906250e+02 3.428613586425781250e+02
3.938488464355468750e+02 3.723418579101562500e+02
3.314194946289062500e+02 3.706077270507812500e+02
5.707319335937500000e+02 3.463296508789062500e+02
6.175539550781250000e+02 3.133808288574218750e+02
6.730466918945312500e+02 3.116466674804687500e+02
7.181345214843750000e+02 3.428613586425781250e+02
6.747808227539062500e+02 3.654052734375000000e+02
6.262246704101562500e+02 3.654052734375000000e+02
3.192804565429687500e+02 7.417154541015625000e+02
3.903805236816406250e+02 7.521203002929687500e+02
4.649489135742187500e+02 7.590568847656250000e+02
5.239099731445312500e+02 7.781325683593750000e+02
5.724661254882812500e+02 7.486520385742187500e+02
6.505027465820312500e+02 7.330446777343750000e+02
7.545516357421875000e+02 7.070324707031250000e+02
6.834515991210937500e+02 7.902716064453125000e+02
6.383637084960937500e+02 8.527009277343750000e+02
5.308465576171875000e+02 8.769790039062500000e+02
4.285317993164062500e+02 8.735106811523437500e+02
3.817098083496093750e+02 8.110813598632812500e+02
3.609000244140625000e+02 7.607910766601562500e+02
4.580123291015625000e+02 7.868032836914062500e+02
5.239099731445312500e+02 8.145496826171875000e+02
5.794027099609375000e+02 7.816008300781250000e+02
6.938564453125000000e+02 7.434495849609375000e+02
5.811368408203125000e+02 7.816008300781250000e+02
5.239099731445312500e+02 8.162838134765625000e+02
4.597464599609375000e+02 7.920057373046875000e+02
2.828633422851562500e+02 8.794155883789062500e+01
5.065684814453125000e+02 6.019518661499023438e+01
7.580199584960937500e+02 8.794155883789062500e+01
1.319924621582031250e+02 3.307223205566406250e+02
1.285241546630859375e+02 4.711883239746093750e+02
1.510680847167968750e+02 5.613640136718750000e+02
8.638029785156250000e+02 3.047100830078125000e+02
8.984859619140625000e+02 3.948858032226562500e+02
8.742078857421875000e+02 5.440225219726562500e+02
2.239023132324218750e+02 4.590492858886718750e+02
8.152468261718750000e+02 4.521126708984375000e+02
2.412437896728515625e+02 3.532662353515625000e+02
7.927029418945312500e+02 3.359247436523437500e+02
