1.655087585449218750e+02 4.671625366210937500e+02
1.622305908203125000e+02 5.212521972656250000e+02
1.589524383544921875e+02 6.064844360351562500e+02
1.622305908203125000e+02 6.884384765625000000e+02
1.868168029785156250e+02 7.507235107421875000e+02
2.146811828613281250e+02 8.408729858398437500e+02
2.540191192626953125e+02 9.588867797851562500e+02
3.130260314941406250e+02 1.080178833007812500e+03
4.294007568359375000e+02 1.109682250976562500e+03
5.523318481445312500e+02 1.081817871093750000e+03
5.982260742187500000e+02 9.883902587890625000e+02
6.408422241210937500e+02 8.769327392578125000e+02
6.998491210937500000e+02 7.802269897460937500e+02
7.391870727539062500e+02 7.146637573242187500e+02
7.490215454101562500e+02 6.425441894531250000e+02
7.637732543945312500e+02 5.638682861328125000e+02
7.654123535156250000e+02 5.097786560058593750e+02
2.130420989990234375e+02 3.180061950683593750e+02
2.474627990722656250e+02 2.819464111328125000e+02
2.884398193359375000e+02 2.475257110595703125e+02
3.179432678222656250e+02 2.229394989013671875e+02
3.474467163085937500e+02 2.114659271240234375e+02
5.326628417968750000e+02 2.229394989013671875e+02
5.703616943359375000e+02 2.573601989746093750e+02
6.096996459960937500e+02 2.835854797363281250e+02
6.539548339843750000e+02 3.114498596191406250e+02
6.785410766601562500e+02 3.343970031738281250e+02
4.195662841796875000e+02 3.540659790039062500e+02
3.998973083496093750e+02 4.130728759765625000e+02
3.851455993652343750e+02 4.802751770019531250e+02
4.064536437988281250e+02 5.441993408203125000e+02
2.999133911132812500e+02 5.917326660156250000e+02
3.458076477050781250e+02 5.917326660156250000e+02
4.015364074707031250e+02 6.163189086914062500e+02
4.539869689941406250e+02 6.081234741210937500e+02
5.097157287597656250e+02 6.032062377929687500e+02
2.294329071044921875e+02 3.852084960937500000e+02
2.589363708496093750e+02 3.507878112792968750e+02
3.097478637695312500e+02 3.507878112792968750e+02
3.638375244140625000e+02 3.753740234375000000e+02
3.130260314941406250e+02 3.868475952148437500e+02
2.556582031250000000e+02 3.835694274902343750e+02
5.129938964843750000e+02 3.770130920410156250e+02
5.556099853515625000e+02 3.557050476074218750e+02
5.916697998046875000e+02 3.655395202636718750e+02
6.473984985351562500e+02 4.032384033203125000e+02
5.965870361328125000e+02 3.983211364746093750e+02
5.523318481445312500e+02 3.884866638183593750e+02
2.687708435058593750e+02 6.310706176757812500e+02
3.081087951660156250e+02 6.212361450195312500e+02
3.523639831542968750e+02 6.195970458984375000e+02
4.113708801269531250e+02 6.359878540039062500e+02
4.654605407714843750e+02 6.277924804687500000e+02
5.211892700195312500e+02 6.327097167968750000e+02
5.785571289062500000e+02 6.425441894531250000e+02
5.359410400390625000e+02 6.900775146484375000e+02
4.884076843261718750e+02 7.212200927734375000e+02
4.146490478515625000e+02 7.277763671875000000e+02
3.326950073242187500e+02 7.081074218750000000e+02
2.933570556640625000e+02 6.622131347656250000e+02
2.933570556640625000e+02 6.425441894531250000e+02
3.490858154296875000e+02 6.343488159179687500e+02
4.113708801269531250e+02 6.474614257812500000e+02
4.687387084960937500e+02 6.441832885742187500e+02
5.605272216796875000e+02 6.540177612304687500e+02
4.752950439453125000e+02 6.917166137695312500e+02
4.146490478515625000e+02 6.933557128906250000e+02
3.507248840332031250e+02 6.867993774414062500e+02
2.179593505859375000e+02 2.081877746582031250e+02
4.326789245605468750e+02 1.065647583007812500e+02
6.703456420898437500e+02 2.163831787109375000e+02
9.011103820800781250e+01 3.688176879882812500e+02
8.683287811279296875e+01 4.819142761230468750e+02
1.310880584716796875e+02 6.277924804687500000e+02
8.735916748046875000e+02 4.130728759765625000e+02
8.899824829101562500e+02 4.983050842285156250e+02
8.031112060546875000e+02 6.736867065429687500e+02
1.966512908935546875e+02 4.491326599121093750e+02
7.260744018554687500e+02 4.704407043457031250e+02
1.982903747558593750e+02 3.639004516601562500e+02
7.293525390625000000e+02 3.720958557128906250e+02
